13.1825673856	0.00490740155605
13.4276496114	0.00497959882948
13.677288256	0.00505313835044
13.9315680295	0.00512804507316
14.1905752169	0.00520434441584
14.4543977075	0.00528206226921
14.7231250243	0.00536122500534
14.996848355	0.00544185948662
15.2756605824	0.00550852542448
15.5596563161	0.00557625064427
15.8489319246	0.0056452349699
16.1435855683	0.0057155018099
16.4437172321	0.00578707500799
16.7494287603	0.00585997885118
17.06082389	0.00593253162681
17.3780082875	0.00599927263469
17.7010895832	0.00606725445055
18.0301774086	0.00613650014273
18.3653834335	0.00620703320844
18.7068214037	0.00627887758175
19.0546071796	0.00635205764168
19.4088587759	0.00642659822051
19.7696964011	0.00650252461216
20.1372424986	0.00657986258082
20.5116217883	0.00665863836967
20.8929613085	0.00673887870977
21.2813904598	0.00677719063712
21.6770410482	0.00679939107257
22.0800473302	0.00682200424494
22.4905460584	0.00684503782756
22.9086765277	0.00686849963647
23.3345806228	0.00689239763296
23.7684028662	0.00691673992638
24.2102904674	0.00695530103953
24.6603933723	0.00701002198531
25.1188643151	0.00706576026943
25.5858588691	0.00712253480563
26.0615355	0.00718036485925
26.5460556198	0.00723927005384
27.0395836411	0.00730889508471
27.5422870334	0.0074922425244
28.0543363795	0.00767899864749
28.5759054337	0.00786922682613
29.1071711807	0.00806299161066
29.6483138952	0.00826035875149
30.199517204	0.00833265096371
30.7609681474	0.00817513248913
31.3328572432	0.00801468552745
31.915378551	0.00785125563405
32.5087297385	0.00768478735209
33.1131121483	0.00755140129646
33.7287308659	0.00757558147666
34.35579479	0.00760021119998
34.9945167028	0.00762529882404
35.6451133426	0.00765085286185
36.307805477	0.0076768819847
36.982817978	0.00770339502507
37.6703798984	0.00773040097966
38.3707245492	0.00775114842578
39.0840895792	0.0077661588429
39.8107170553	0.0077814483245
40.5508535448	0.0077970220588
41.304750199	0.00781288533043
42.0726628384	0.00782629141217
42.8548520397	0.0078131245361
43.651583224	0.00779971286953
44.4631267469	0.00778605186146
45.2897579904	0.00777213687629
46.131757456	0.00775796319223
46.9894108605	0.00774352599971
47.8630092323	0.00756982663436
48.7528490103	0.00739091083108
49.659232145	0.00720866873468
50.5824662003	0.00702303850474
51.5228644582	0.00683395715117
52.480746025	0.00664136051277
53.4564359397	0.00647475804523
54.4502652842	0.00633932882608
55.4625712958	0.00620138178976
56.4936974812	0.00606087012655
57.5439937337	0.00591774615649
58.6138164514	0.00577196131316
59.7035286584	0.00562346612724
60.8135001279	0.00553415900539
61.9441075077	0.00546618783994
63.095734448	0.00539695299619
64.2687717317	0.00532643098058
65.4636174067	0.00525459786282
66.6806769214	0.00518142926769
67.9203632617	0.00510413379352
69.1830970919	0.0050244235721
70.4693068967	0.00494323142702
71.7794291271	0.00486052980726
73.1139083483	0.00477629064959
74.4731973906	0.00469048536906
75.8577575029	0.00461177495495
77.2680585096	0.00453703756803
78.7045789695	0.00446091070934
80.1678063388	0.00438336854668
81.6582371359	0.00430438476758
83.1763771103	0.0042239325704
84.7227414141	0.0041559532205
86.2978547767	0.00410292430524
87.9022516831	0.00404890950883
89.536476555	0.00399389050239
91.2010839356	0.00393784861624
92.896638678	0.00388076483364
94.6237161366	0.0038173701637
96.3829023624	0.00374333760554
98.174794302	0.00366792867936
100.0	0.00359111779658
101.859138805	0.00351287889286
103.752841582	0.00343318541932
105.681750921	0.0033520103335
107.646521363	0.0032888697722
109.647819614	0.00322840308426
111.686324778	0.00316681223666
113.762728582	0.00310407632971
115.877735616	0.00304017407517
118.032063565	0.00297508378902
120.226443462	0.00291265907994
122.461619927	0.00285218946122
124.738351424	0.00279059562835
127.057410521	0.00272785668064
129.419584145	0.0026639513288
131.825673856	0.00259885788777
134.276496114	0.00254075511658
136.77288256	0.00248925685261
139.315680295	0.00243680116442
141.905752169	0.00238337025218
144.543977075	0.00232894598512
147.231250243	0.00227350989539
149.96848355	0.0022170431718
152.756605824	0.0021669824653
155.596563161	0.00211607788834
158.489319246	0.00206422692463
161.435855683	0.00201141197953
164.437172321	0.00195761513129
167.494287603	0.00190281812497
170.6082389	0.00185606802582
173.780082875	0.00181023920041
177.010895832	0.00176355835352
180.301774086	0.00171600964489
183.653834335	0.00166757693977
187.068214037	0.00161824380343
190.546071796	0.00157434469583
194.088587759	0.00153199700467
197.696964011	0.00148886201116
201.372424986	0.00144492507824
205.116217883	0.00140017129675
208.929613085	0.00135458548034
212.813904598	0.00131417728721
216.770410482	0.00128002277112
220.800473302	0.00124523327518
224.905460584	0.00120979699421
229.086765277	0.00117370190359
233.345806228	0.00113693575514
237.684028662	0.00110056014914
242.102904674	0.00106935283737
246.603933723	0.00103756533836
251.188643151	0.00100518686562
255.858588691	0.000972206432132
260.615355	0.000938612846604
265.460556198	0.000904394709692
270.395836411	0.000877788041449
275.422870334	0.000851717659582
280.543363795	0.000825162593129
285.759054337	0.000798113831131
291.071711807	0.000770562195102
296.483138952	0.000742498335916
301.99517204	0.000717541358061
307.609681474	0.000695226240828
313.328572432	0.000672496254591
319.15378551	0.00064934368636
325.087297385	0.000625760679748
331.131121483	0.000601739232308
337.287308659	0.000579631985921
343.5579479	0.000561181147897
349.945167028	0.000542387283183
356.451133426	0.000523244014438
363.07805477	0.000503744845754
369.82817978	0.000483883160459
376.703798984	0.000464306563651
383.707245492	0.000450210832571
390.840895792	0.000435853042285
398.107170553	0.000421228320748
405.508535448	0.000406331705337
413.04750199	0.000391158141169
420.726628384	0.000375702479381
428.548520397	0.00036305284599
436.51583224	0.000350780732789
444.631267469	0.000338280463969
452.897579904	0.0003255477978
461.31757456	0.000312578413694
469.894108605	0.000299367910735
478.630092323	0.000288347356475
487.528490103	0.000278490487441
496.59232145	0.00026845036553
505.824662003	0.000258223583817
515.228644582	0.000247806672036
524.80746025	0.000237196095406
534.564359397	0.000227382685814
544.502652842	0.000219146628323
554.625712958	0.000210757451092
564.936974812	0.000202212307411
575.439937337	0.000193508297648
586.138164514	0.000184642468262
597.035286584	0.000175900963416
608.135001279	0.000169802532427
619.441075077	0.000163590723141
630.95734448	0.000157263427697
642.687717317	0.000150818499049
654.636174067	0.000144253750231
666.806769214	0.00013756695362
679.203632617	0.000132426488857
691.830970919	0.000127371694327
704.693068967	0.000122222924151
717.794291271	0.000116978431191
731.139083483	0.000111636435827
744.731973906	0.000106195125354
758.577575029	0.000101706259031
772.680585096	9.77930538981e-05
787.045789695	9.38070968497e-05
801.678063388	8.97470353271e-05
816.582371359	8.56114916252e-05
831.763771103	8.13990624255e-05
847.227414141	7.76488819357e-05
862.978547767	7.46456262168e-05
879.022516831	7.15865358055e-05
895.36476555	6.84705726572e-05
912.010839356	6.52966794289e-05
928.96638678	6.20637791199e-05
946.237161366	5.68324398375e-05
963.829023624	3.82361662995e-05
981.74794302	1.92941622239e-05
