13.1825673856	0.00569376031972
13.4276496114	0.00575310057078
13.677288256	0.00581354403947
13.9315680295	0.00587511123614
14.1905752169	0.00593782305245
14.4543977075	0.00600170076848
14.7231250243	0.00606676605991
14.996848355	0.00613304100543
15.2756605824	0.0061857160941
15.5596563161	0.00623919775794
15.8489319246	0.00629367372015
16.1435855683	0.00634916246612
16.4437172321	0.00640568282489
16.7494287603	0.00646325397559
17.06082389	0.00653007707287
17.3780082875	0.00663247428107
17.7010895832	0.00673677519549
18.0301774086	0.00684301520869
18.3653834335	0.0069512303712
18.7068214037	0.00706145740379
19.0546071796	0.00716638832084
19.4088587759	0.00723310046664
19.7696964011	0.00730105288382
20.1372424986	0.00737026863077
20.5116217883	0.00744077119452
20.8929613085	0.0075125844988
21.2813904598	0.007593303061
21.6770410482	0.00767845545394
22.0800473302	0.00776519094805
22.4905460584	0.0078535389754
22.9086765277	0.0079435295152
23.3345806228	0.00803519310406
23.7684028662	0.00812856084626
24.2102904674	0.00820103494142
24.6603933723	0.00824947078424
25.1188643151	0.00829880711662
25.5858588691	0.0083490606799
26.0615355	0.00840024852668
26.5460556198	0.00845238802657
27.0395836411	0.0085062068087
27.5422870334	0.00856931905688
28.0543363795	0.00863360464936
28.5759054337	0.00869908540024
29.1071711807	0.00876578352917
29.6483138952	0.0088337216689
30.199517204	0.00887429598539
30.7609681474	0.00886422630675
31.3328572432	0.0088539694188
31.915378551	0.00884352184108
32.5087297385	0.00883288002838
33.1131121483	0.00882041742748
33.7287308659	0.00880054329796
34.35579479	0.00878029968077
34.9945167028	0.00875967970665
35.6451133426	0.00873867637858
36.307805477	0.00871728256949
36.982817978	0.0086954910198
37.6703798984	0.00867329433495
38.3707245492	0.00862275925957
39.0840895792	0.008545993622
39.8107170553	0.00846780080467
40.5508535448	0.00838815427434
41.304750199	0.00830702700445
42.0726628384	0.00821735410364
42.8548520397	0.00805742759281
43.651583224	0.00789452782615
44.4631267469	0.00772859952671
45.2897579904	0.00755958638988
46.131757456	0.00738743106422
46.9894108605	0.00721207513211
47.8630092323	0.00698547680431
48.7528490103	0.00675406600996
49.659232145	0.00651835296773
50.5824662003	0.00627825769287
51.5228644582	0.00603369871358
52.480746025	0.0057845930434
53.4564359397	0.00561798096647
54.4502652842	0.00554922959991
55.4625712958	0.00547920005001
56.4936974812	0.00540786855357
57.5439937337	0.0053352109056
58.6138164514	0.0052612024511
59.7035286584	0.00518581807671
60.8135001279	0.00511841162023
61.9441075077	0.00505323376144
63.095734448	0.00498684415579
64.2687717317	0.00491922027522
65.4636174067	0.00485033917284
66.6806769214	0.00478017747516
67.9203632617	0.0047141055628
69.1830970919	0.00464871160785
70.4693068967	0.00458210188851
71.7794291271	0.00451425380202
73.1139083483	0.00444514432544
74.4731973906	0.00437475000775
75.8577575029	0.00431003384669
77.2680585096	0.0042484853831
78.7045789695	0.00418579264814
80.1678063388	0.00412193436822
81.6582371359	0.00405688887423
83.1763771103	0.00399063409422
84.7227414141	0.00392980159807
86.2978547767	0.00387556195292
87.9022516831	0.00382031391748
89.536476555	0.00376403874438
91.2010839356	0.00370671733769
92.896638678	0.00364833024649
94.6237161366	0.00358908138644
96.3829023624	0.00352913414381
98.174794302	0.00346807239873
100.0	0.00340587543105
101.859138805	0.00334252213541
103.752841582	0.00327799101406
105.681750921	0.00321226016959
107.646521363	0.00314962329727
109.647819614	0.00308667164903
111.686324778	0.00302254964227
113.762728582	0.00295723551839
115.877735616	0.0028907071143
118.032063565	0.00282294185483
120.226443462	0.00276327125203
122.461619927	0.00271001133084
124.738351424	0.00265576123379
127.057410521	0.00260050255214
129.419584145	0.00254421653489
131.825673856	0.00248688408246
134.276496114	0.0024334493317
136.77288256	0.00238367235749
139.315680295	0.00233296996023
141.905752169	0.00228132493503
144.543977075	0.00222871975713
147.231250243	0.00217513657594
149.96848355	0.00212055720905
152.756605824	0.00207543278308
155.596563161	0.00202959135692
158.489319246	0.00198289767503
161.435855683	0.00193533589277
164.437172321	0.00188688987097
167.494287603	0.00183754317037
170.6082389	0.00179569927056
173.780082875	0.00175474038728
177.010895832	0.00171302002151
180.301774086	0.00167052401623
183.653834335	0.00162723795123
187.068214037	0.00158314713819
190.546071796	0.0015407382116
194.088587759	0.00149847337389
197.696964011	0.00145542277419
201.372424986	0.00141157180407
205.116217883	0.00136690558356
208.929613085	0.00132140895601
212.813904598	0.00128244343134
216.770410482	0.00125133005699
220.800473302	0.00121963824184
224.905460584	0.00118735723184
229.086765277	0.00115447607307
233.345806228	0.00112098360791
237.684028662	0.00108780566476
242.102904674	0.00105911061964
246.603933723	0.00102988209379
251.188643151	0.00100011016908
255.858588691	0.000969784742964
260.615355	0.000938895525083
265.460556198	0.000907432033765
270.395836411	0.000883860720727
275.422870334	0.000860910812296
280.543363795	0.000837534233212
285.759054337	0.000813723051074
291.071711807	0.000789469186009
296.483138952	0.000764764407927
301.99517204	0.000739844509679
307.609681474	0.000714670313078
313.328572432	0.000689028093219
319.15378551	0.0006629091489
325.087297385	0.000636304617152
331.131121483	0.00060920547023
337.287308659	0.000585674806524
343.5579479	0.000568722834412
349.945167028	0.000551455701607
356.451133426	0.000533867548836
363.07805477	0.000515952407892
369.82817978	0.000497704199611
376.703798984	0.000479471720286
383.707245492	0.000464071147162
390.840895792	0.000448384256006
398.107170553	0.00043240572377
405.508535448	0.00041613012844
413.04750199	0.000399551947201
420.726628384	0.000382665554562
428.548520397	0.000369571407568
436.51583224	0.000357047122103
444.631267469	0.000344289992786
452.897579904	0.000331295690728
461.31757456	0.000318059806558
469.894108605	0.000304577848928
478.630092323	0.000293845856203
487.528490103	0.000284600430888
496.59232145	0.000275183120283
505.824662003	0.000265590728802
515.228644582	0.000255820001449
524.80746025	0.000245867622712
534.564359397	0.000236453592585
544.502652842	0.000228144666746
554.625712958	0.000219681266441
564.936974812	0.000211060519778
575.439937337	0.000202279501468
586.138164514	0.000193335231839
597.035286584	0.000184494506487
608.135001279	0.000178107533279
619.441075077	0.000171601817375
630.95734448	0.000164975151181
642.687717317	0.000158225286065
654.636174067	0.000151349931587
666.806769214	0.000144346754726
679.203632617	0.000139543364489
691.830970919	0.000134903438639
704.693068967	0.000130177250126
717.794291271	0.00012536319521
731.139083483	0.00012045964033
744.731973906	0.000115464921558
758.577575029	0.00011058763143
772.680585096	0.000105751217461
787.045789695	0.000100824887844
801.678063388	9.58069709206e-05
816.582371359	9.06957639567e-05
831.763771103	8.54895325607e-05
847.227414141	8.11184656751e-05
862.978547767	7.80740681168e-05
879.022516831	7.4973070982e-05
895.36476555	7.18144220061e-05
912.010839356	6.85970493614e-05
928.96638678	6.53198612934e-05
946.237161366	5.99207448095e-05
963.829023624	4.03139398886e-05
981.74794302	2.03426172489e-05
